6666 66 6666

, 16161166 666616616666166 exprimatur 66 6666 166. 1106 666666·
, 666 proferuntur, frigidum 616 inuentum. ’116116666666 666. 11161
1666166 fabulam virgilianam Aen. 12, 90, 139 666, 781, 6616 Oui·
11666 efficta 661, 61 6666666166 cum 1666161666 1, 296 166666 -
76116661 6666666, 16166666 66661166, monstrare originem 61166 La·
uinium repetendi numinis.

116 166616666616 06111661, 66 666 66661166 varronem
1616661 11161666 Macrum 1166666666 libro 661666,61ἰ cognosci·

x turexMaerob. 661. 1,10.

LIBER QVINTVS DECIMYS.

*166666 1. August. 6. 1. 7, 176 161116 1666116 116666 166666-
666 6111 0661161661116116161166 16 1616 6616161666 66-
666666, 6666616611 666 16166. (1616616 6616111 1611-
6661666616666166666, 6666 66116611, 6661611666. Ego
611166 6661661 6666666661 16 661666 11166 66661161, 16
1611161166666 66666666, 6666616 1666 6666 6666661166
666166161166666 11616666 66666666.

1 2. 1166661. sat. 1, 26 116666 611666 16 11166 661616 1661666 66-
6666 116166666116 66161, 6661 66611166 16 66616 6611661666 6116-
1661 661661, 6661 1166661 66666166 666661. ι

1. August. 6. 1. 4, 216 8166166161 6666116666 1661166, Romani
6616666666616 6666 6666666666, 661 66616666 66166166 1611661661,
6616666166616, 66666 16666, 661 6661666666 1661 1666166 1661666
66 66111666 6666666166 661, 6666166 66116 1166116166 61661 6666

“ 6161111616 6666116611, 61616166616166, 661 96666661666666, 6661

, 66116166666 661661, 66 6611666 1661666 6666166611.
486666166.6,16Ρ616666166,611161666,16666166-
6611, 66666 6111 176616666111111616666 16666 661661. 11666 1116611161
“ 6666166616 66661161, 6111, 16166 6666 1166666666661166 666666,
ΜΞἛΜΙΙ. ad nat. 2 9 1161 61 8666166 66661616661161116-

1666 6666 1116116 [66666 6666666166.
6. Gen. 16, 166 Em 661666 666666 16 61666 Varro 11611 66-

! 6116 161166 61666 6666666 6611166 616116, 666 61 16661616 661666 661,
661 61 6166161166 66166 6666666 6616616 66661161 666666, 66661
6116666 61 caudicem. 666616 161166,166611, 666166 6616·-

6666 Ι 6616 6666666116 66166166611166166666666 11166116
66116661 661661, 6666166666 1666 66116666 661166166,
16166 66616611 1666666611 666116 6666 61616166 6661

 

